13.62
11.00
8.98
8.68
16.37
5.82
15.85
18.25
12.62
16.75
9.64
19.98
17.36
13.88
15.81
17.48
14.99
5.18
11.48
11.75
13.57
15.62
8.97
7.57
11.83
17.64
13.81
16.55
13.54
18.29
19.48
18.05
8.35
5.50
14.92
8.70
18.31
13.41
11.91
17.72
4.68
10.72
6.45
19.62
16.53
19.27
11.03
17.06
19.33
7.26
4.83
7.83
10.59
10.76
17.35
19.14
7.77
9.79
6.66
18.42
17.65
14.66
11.19
6.86
15.23
19.00
9.92
6.64
7.81
9.83
19.20
7.47
18.38
7.71
6.18
12.20
6.16
10.70
10.25
14.75
18.53
5.09
17.72
5.26
18.43
7.08
12.22
19.72
13.90
13.81
11.64
10.82
10.83
11.57
5.20
18.22
4.44
6.75
12.91
5.53
9.03
11.84
5.54
19.83
6.97
19.71
5.35
17.67
9.56
7.76
8.08
8.31
12.20
16.37
17.78
7.14
4.35
17.86
5.72
15.65
6.99
15.23
8.61
16.71
18.07
16.00
14.05
19.33
6.38
12.52
14.45
19.31
8.42
7.13
9.15
17.35
9.50
16.11
12.24
15.08
12.57
16.28
4.39
16.34
15.97
5.96
4.78
5.26
17.51
7.34
13.62
8.18
9.27
12.83
7.40
13.68
5.83
4.26
11.45
18.81
11.29
17.65
11.94
5.28
11.53
17.07
11.14
16.46
6.41
12.54
13.58
18.96
19.83
14.00
11.20
5.51
13.23
17.24
19.59
9.03
18.16
14.04
19.48
19.94
7.04
18.38
6.93
11.01
14.98
4.21
16.79
11.82
19.29
17.51
19.17
19.71
15.49
18.88
5.04
4.37
